# Blender v2.79 (sub 0) OBJ File: ''
# www.blender.org
o Cube.5
v -6.891797 -14.023326 -5.036392
v -5.151042 17.848724 -4.698118
v -36.437851 19.622042 -10.777855
v -38.178608 -12.250008 -11.116128
v -0.802656 -14.023321 -36.371593
v 0.938098 17.848730 -36.033318
v -32.089466 -12.250003 -42.451328
v -30.348709 19.622047 -42.113052
v 31.966089 -27.590693 23.758335
v 28.688726 18.503757 27.944099
v -15.470373 16.646570 13.820189
v -12.193010 -29.447880 9.634425
v 49.486389 -21.295500 -31.847517
v 46.209026 24.798948 -27.661753
v 5.327290 -23.152689 -45.971424
v 2.049927 22.941761 -41.785660
v -28.447712 -0.889634 42.753910
v -27.882515 26.757946 37.923893
v -44.749874 19.302744 -6.724338
v -45.315071 -8.344837 -1.894322
v -2.148665 -3.098527 33.187401
v -1.583467 24.549053 28.357386
v -19.016022 -10.553731 -11.460831
v -18.450825 17.093847 -16.290850
v 42.632446 -0.986379 46.395515
v 39.846592 26.643671 42.289856
v -7.590990 20.817511 35.269585
v -4.805132 -6.812541 39.375248
v 47.143002 -4.613299 18.926672
v 44.357147 23.016752 14.821011
v -0.294578 -10.439462 11.906399
v -3.080435 17.190590 7.800738
v 21.875351 -3.851723 23.200001
v 24.452995 42.476624 23.200008
v -21.875351 45.054268 23.200008
v -24.452995 -1.274078 23.200001
v 21.875351 -3.851715 -23.200001
v 24.452995 42.476631 -23.199993
v -24.452995 -1.274071 -23.200001
v -21.875351 45.054276 -23.199993
vn -0.1908 -0.0000 0.9816
vn 0.9801 -0.0556 0.1905
vn 0.1908 0.0000 -0.9816
vn -0.9801 0.0556 -0.1905
vn 0.0545 0.9985 0.0106
vn -0.0545 -0.9985 -0.0106
vn -0.2988 -0.1074 0.9483
vn 0.9517 0.0400 0.3044
vn 0.2988 0.1074 -0.9483
vn -0.9517 -0.0400 -0.3044
vn -0.0706 0.9934 0.0902
vn 0.0706 -0.9934 -0.0902
vn -0.9368 0.0787 0.3408
vn 0.3492 0.1543 0.9243
vn 0.9368 -0.0787 -0.3408
vn -0.3492 -0.1543 -0.9243
vn 0.0201 0.9849 -0.1721
vn -0.0201 -0.9849 0.1721
vn -0.1607 0.1292 0.9785
vn 0.9820 0.1206 0.1453
vn 0.1607 -0.1292 -0.9785
vn -0.9820 -0.1206 -0.1453
vn -0.0992 0.9843 -0.1463
vn 0.0992 -0.9843 0.1463
vn -0.0000 -0.0000 1.0000
vn 0.9985 -0.0556 -0.0000
vn 0.0000 0.0000 -1.0000
vn -0.9985 0.0556 0.0000
vn 0.0556 0.9985 0.0000
vn -0.0556 -0.9985 -0.0000
s off
f 2//1 4//1 1//1
f 6//2 1//2 5//2
f 8//3 5//3 7//3
f 3//4 7//4 4//4
f 6//5 3//5 2//5
f 1//6 7//6 5//6
f 9//7 11//7 12//7
f 14//8 9//8 13//8
f 15//9 14//9 13//9
f 11//10 15//10 12//10
f 14//11 11//11 10//11
f 9//12 15//12 13//12
f 18//13 20//13 17//13
f 22//14 17//14 21//14
f 24//15 21//15 23//15
f 19//16 23//16 20//16
f 22//17 19//17 18//17
f 21//18 20//18 23//18
f 26//19 28//19 25//19
f 30//20 25//20 29//20
f 32//21 29//21 31//21
f 27//22 31//22 28//22
f 30//23 27//23 26//23
f 25//24 31//24 29//24
f 34//25 36//25 33//25
f 38//26 33//26 37//26
f 40//27 37//27 39//27
f 35//28 39//28 36//28
f 38//29 35//29 34//29
f 33//30 39//30 37//30
f 2//1 3//1 4//1
f 6//2 2//2 1//2
f 8//3 6//3 5//3
f 3//4 8//4 7//4
f 6//5 8//5 3//5
f 1//6 4//6 7//6
f 9//7 10//7 11//7
f 14//8 10//8 9//8
f 15//9 16//9 14//9
f 11//10 16//10 15//10
f 14//11 16//11 11//11
f 9//12 12//12 15//12
f 18//13 19//13 20//13
f 22//14 18//14 17//14
f 24//15 22//15 21//15
f 19//16 24//16 23//16
f 22//17 24//17 19//17
f 21//18 17//18 20//18
f 26//19 27//19 28//19
f 30//20 26//20 25//20
f 32//21 30//21 29//21
f 27//22 32//22 31//22
f 30//23 32//23 27//23
f 25//24 28//24 31//24
f 34//25 35//25 36//25
f 38//26 34//26 33//26
f 40//27 38//27 37//27
f 35//28 40//28 39//28
f 38//29 40//29 35//29
f 33//30 36//30 39//30
